0.09778022766113281
0.0581362247467041
0.053411245346069336
0.049436330795288086
0.04824709892272949
0.04760909080505371
0.08367919921875
0.04833245277404785
0.047135114669799805
0.05048537254333496
0.04908013343811035
0.049324989318847656
0.0638265609741211
0.08634209632873535
0.04927206039428711
0.04850506782531738
0.04799246788024902
0.04682517051696777
0.048892974853515625
0.07750391960144043
0.0461733341217041
0.0463566780090332
0.04731869697570801
0.04663825035095215
0.04099249839782715
0.046034812927246094
0.08295011520385742
0.046651363372802734
0.046733856201171875
0.04601907730102539
0.04862809181213379
0.04771113395690918
0.08852052688598633
0.04974174499511719
0.048093318939208984
0.05385184288024902
0.04481315612792969
0.047898054122924805
0.06003570556640625
0.08893895149230957
0.0494236946105957
0.047774314880371094
0.054434776306152344
0.045815467834472656
0.050130605697631836
0.08594965934753418
0.04552030563354492
0.04698038101196289
0.04586195945739746
0.047389984130859375
0.04729294776916504
0.097503662109375
0.04907345771789551
0.04640030860900879
0.04865884780883789
0.04898858070373535
0.04685711860656738
0.09863615036010742
0.04683518409729004
0.047097206115722656
0.04170680046081543
0.04723381996154785
0.05073904991149902
0.09528994560241699
0.04729771614074707
0.04562878608703613
0.04511618614196777
0.051398277282714844
0.04571819305419922
0.0740044116973877
0.047760963439941406
0.04583549499511719
0.04920768737792969
0.06344056129455566
0.054800987243652344
0.050576210021972656
0.046555519104003906
0.04645895957946777
0.046509504318237305
0.0469815731048584
0.047599077224731445
0.08330774307250977
0.04894280433654785
0.04905271530151367
0.04488253593444824
0.053869009017944336
0.05201435089111328
0.10661101341247559
0.0500948429107666
0.05179595947265625
0.04947376251220703
0.05259442329406738
0.049021005630493164
0.1087651252746582
0.05021977424621582
0.04648160934448242
0.04218149185180664
0.047075510025024414
0.046767234802246094
0.046105384826660156
0.06316471099853516
0.046563148498535156
0.04915332794189453
0.04605555534362793
0.045818328857421875
0.04958748817443848
0.08538556098937988
0.048323869705200195
0.04740500450134277
0.053310394287109375
0.054535627365112305
0.09306693077087402
0.05694317817687988
0.04800605773925781
0.048216819763183594
0.05010414123535156
0.046774864196777344
0.10463809967041016
0.05265355110168457
0.04905962944030762
0.048876285552978516
0.04745149612426758
0.054309844970703125
0.10949301719665527
0.05430173873901367
0.05794858932495117
0.05306100845336914
0.047049522399902344
0.05427193641662598
0.05965542793273926
0.05696272850036621
0.059026479721069336
0.04457688331604004
0.05028557777404785
0.08102202415466309
0.059583425521850586
0.04815840721130371
0.04967069625854492
0.049230098724365234
0.0474240779876709
0.048242807388305664
0.04640007019042969
0.046704769134521484
0.047554731369018555
0.0414884090423584
0.055251359939575195
0.09372234344482422
0.047362565994262695
0.04652857780456543
0.04623985290527344
0.047075510025024414
0.045941829681396484
0.09586548805236816
0.04884195327758789
0.049628257751464844
0.05269145965576172
0.042229652404785156
0.0525813102722168
0.0739891529083252
0.05586099624633789
0.05663728713989258
0.05328488349914551
0.05202174186706543
0.0915822982788086
0.05658721923828125
0.05088496208190918
0.05151033401489258
0.062450408935546875
0.05052947998046875
0.06062459945678711
0.051242828369140625
0.04954195022583008
0.048978567123413086
0.0498805046081543
0.05232524871826172
0.053412437438964844
0.05231738090515137
0.057657480239868164
0.05402040481567383
0.05174875259399414
0.04280567169189453
0.04990077018737793
0.05562543869018555
0.05598330497741699
0.052716732025146484
0.07237100601196289
0.05325174331665039
0.05465054512023926
0.05159282684326172
0.04940605163574219
0.06678509712219238
0.09064483642578125
0.042905330657958984
0.055870771408081055
0.05635809898376465
0.05152106285095215
0.09532618522644043
0.05010366439819336
0.04772520065307617
0.04826951026916504
0.049544334411621094
0.049674272537231445
0.06481289863586426
0.09511923789978027
0.04036211967468262
0.0491485595703125
0.049227237701416016
0.049594879150390625
0.04874539375305176
0.10245752334594727
0.05340290069580078
0.052336692810058594
0.05215883255004883
0.05060267448425293
0.05511760711669922
0.10797262191772461
0.041709184646606445
0.04983210563659668
0.04978609085083008
0.0483858585357666
0.04706764221191406
0.09984970092773438
0.04880809783935547
0.04976916313171387
0.05028939247131348
0.048818111419677734
0.04802203178405762
0.09575343132019043
0.04002833366394043
0.04853463172912598
0.04700422286987305
0.046976566314697266
0.04622149467468262
0.0982046127319336
0.05262446403503418
0.04506421089172363
0.044812917709350586
0.04567456245422363
0.0519411563873291
0.0690603256225586
0.04885077476501465
0.04710507392883301
0.04944777488708496
0.04623889923095703
0.04517555236816406
0.09248924255371094
0.04448819160461426
0.04744553565979004
0.04544663429260254
0.0469822883605957
0.045836687088012695
0.0948190689086914
0.04699301719665527
0.046829938888549805
0.044121742248535156
