0.316450834274292
0.046808481216430664
0.050325870513916016
0.050905704498291016
0.051169395446777344
0.054265499114990234
0.059383392333984375
0.05188632011413574
0.04969382286071777
0.048499107360839844
0.04793810844421387
0.04832339286804199
0.046164751052856445
0.050792694091796875
0.05004549026489258
0.051650285720825195
0.05223870277404785
0.05132603645324707
0.05006718635559082
0.051271915435791016
0.05108213424682617
0.050252437591552734
0.05002140998840332
0.049266815185546875
0.04539847373962402
0.04870891571044922
0.04886579513549805
0.04906177520751953
0.051088571548461914
0.05012392997741699
0.05217862129211426
0.0495147705078125
0.051557302474975586
0.0503995418548584
0.049996137619018555
0.04901528358459473
0.045763254165649414
0.051462650299072266
0.052076101303100586
0.04997420310974121
0.048734426498413086
0.053296566009521484
0.04884600639343262
0.0490725040435791
0.048506736755371094
0.062098026275634766
0.047646284103393555
0.04908561706542969
0.04626297950744629
0.04854941368103027
0.05218672752380371
0.04995131492614746
0.05059957504272461
0.0488584041595459
0.04833054542541504
0.04820370674133301
0.048455238342285156
0.04951024055480957
0.05116891860961914
0.05007433891296387
0.04551577568054199
0.05323672294616699
0.04942774772644043
0.04950428009033203
0.05014634132385254
0.04810643196105957
0.04939532279968262
0.05076766014099121
0.049948692321777344
0.049396514892578125
0.05430912971496582
0.049161434173583984
0.044527530670166016
0.05003523826599121
0.04789113998413086
0.04966592788696289
0.047899723052978516
0.04741024971008301
0.048192739486694336
0.048135995864868164
0.0467991828918457
0.046849966049194336
0.04776573181152344
0.04715871810913086
0.04565024375915527
0.04728865623474121
0.047300100326538086
0.04668116569519043
0.046985626220703125
0.046732187271118164
0.04665398597717285
0.04712533950805664
0.04768228530883789
0.047777414321899414
0.04649806022644043
0.06336212158203125
0.04629945755004883
0.05334830284118652
0.051004648208618164
0.049729347229003906
0.04864859580993652
0.05469870567321777
0.05143427848815918
0.0507969856262207
0.052492618560791016
0.04969453811645508
0.0525050163269043
0.05076885223388672
0.049124956130981445
0.0514066219329834
0.052469730377197266
0.05054187774658203
0.05569863319396973
0.050629615783691406
0.05496525764465332
0.05022716522216797
0.04960298538208008
0.05035042762756348
0.0541079044342041
0.05318093299865723
0.05069446563720703
0.052666664123535156
0.05270075798034668
0.05014824867248535
0.054572343826293945
0.05039238929748535
0.051604270935058594
0.051168203353881836
0.05147504806518555
0.04923677444458008
0.04932761192321777
0.05399942398071289
0.04773902893066406
0.05186057090759277
0.05033755302429199
0.05645275115966797
0.0521550178527832
0.04973411560058594
0.05085444450378418
0.05256152153015137
0.05047035217285156
0.053943634033203125
0.05526113510131836
0.05198192596435547
0.05064678192138672
0.0529937744140625
0.0519251823425293
0.05477714538574219
0.06336545944213867
0.05249834060668945
0.05171704292297363
0.05167651176452637
0.05138802528381348
0.050034284591674805
0.056166648864746094
0.05353498458862305
0.04642820358276367
0.051735877990722656
0.05279064178466797
0.05373358726501465
0.05178022384643555
0.05008554458618164
0.05011129379272461
0.05035686492919922
0.051390886306762695
0.052574872970581055
0.04989314079284668
0.05350542068481445
0.048135995864868164
0.05091381072998047
0.05196690559387207
0.05629396438598633
0.05306601524353027
0.05095171928405762
0.05313897132873535
0.053188323974609375
0.050765037536621094
0.055336952209472656
0.053652286529541016
0.05278944969177246
0.045618295669555664
0.05249762535095215
0.05108070373535156
0.05042624473571777
0.05077195167541504
0.05324864387512207
0.052077293395996094
0.04852914810180664
0.050696372985839844
0.0504612922668457
0.04910874366760254
0.05289888381958008
0.04559803009033203
0.051728248596191406
0.04919242858886719
0.05019998550415039
0.0487215518951416
0.05292987823486328
0.04978060722351074
0.051953792572021484
0.05101203918457031
0.04851579666137695
0.05083823204040527
0.05018138885498047
0.0470433235168457
0.05158877372741699
0.0487210750579834
0.049046993255615234
0.05288124084472656
0.05044984817504883
0.056743621826171875
0.05187821388244629
0.05371379852294922
0.049936532974243164
0.05514836311340332
0.05178523063659668
0.04648017883300781
0.055014610290527344
0.05161738395690918
0.05340433120727539
0.04940652847290039
0.05037403106689453
0.052948951721191406
0.05298876762390137
0.05196189880371094
0.05491209030151367
0.05359339714050293
0.05145144462585449
0.051400184631347656
0.049691200256347656
0.05391669273376465
0.05310535430908203
0.05185413360595703
0.054468631744384766
0.04917764663696289
0.05214643478393555
0.04897809028625488
0.04989886283874512
0.0501554012298584
0.052556753158569336
0.04735708236694336
0.05059242248535156
0.05058097839355469
0.04852652549743652
0.04991006851196289
0.05076885223388672
0.04995918273925781
0.04947233200073242
0.05179262161254883
0.0499262809753418
0.049665212631225586
0.04724311828613281
0.0485079288482666
0.05142641067504883
0.050530195236206055
0.05094552040100098
0.050398826599121094
0.048332929611206055
0.051885128021240234
0.050659894943237305
0.04908323287963867
0.04820847511291504
0.04869222640991211
0.05325126647949219
0.04581642150878906
0.05053567886352539
0.0516812801361084
0.04827117919921875
0.04888129234313965
0.04962730407714844
0.04803919792175293
0.0479893684387207
0.050009965896606445
0.048512935638427734
0.05270981788635254
0.048709869384765625
0.04604387283325195
